5831049276 
9205173648 
1468392057 
7382605149 
4059271836 
6714538092 
2946807315 
8173056249 
5309184726 
9627415083 
1846257390 
7093815264 
3562049817 
8219463075 
4751308269 
6085721439 
9138642057 
2475096813 
7803154296 
5327619084 
1059382746 
6942175308 
3816509274 
8274031569 
4609183527 
7152860493 
2397416850 
8563092147 
3147586209 
9704265318 
5829031746 
1462709583 
7385142069 
4051839276 
6719203458 
2947358610 
8176420935 
5301749682 
9625083174 
1849036257 
7095263184 
3567812049 
8213507649 
4758290136 
6082147593 
9130578264 
2476813059 
7804926135 
5320987416 
1054729368 
6948302175 
3819276045 
8271654309 
4603729185 
7150492863 
2396187504 
8562149307 
3149057286 
9703516248 
5837160249 
9204385716 
1469273508 
7380516294 
4057629138 
6713085249 
2945160873 
8170392546 
5306829147 
9621738054 
1845702369 
7094185263 
3569208174 
8215740396 
4756038219 
6089314275 
9137256804 
2478361059 
7802516493 
5327140968 
1056832479 
6941258370 
3815607249 
8279043156 
4608152739 
7153628409 
2390576184 
8567412039 
3146289750 
9702185436 
5830497126 
9207615348 
1465839270 
7389241056 
4053178629 
6718452093 
2941037586 
8175264309 
5309472186 
9623805147 
1847263095 
7091538246 
3564089172 
8217305469 
4752186039 
6085749213 
9134027865 
2479153680 
7806342159 
5321807469 
1059276384 
6945072318 
3812469750 
8275316409 
4609278135 
7158042639 
2394710865 
8563097412 
3147506298 
9706134285 
5832917046 
9205847316 
1468305729 
7384159602 
4058291376 
6712359048 
2948673105 
8174506239 
5302169874 
9627051483 
1846392075 
7092815364 
3567140298 
8219635074 
4753802169 
6081479352 
9135680247 
2473019865 
7809253146 
5324067189 
1057642398 
6943187502 
3817052649 
8272460135 
4605319278 
7159203846 
2396841075 
8564702931 
3148265079 
9701456283 
5836209147 
9203176584 
1467520839 
7382096415 
4056912378 
6710248953 
2945807163 
8173159026 
5307692184 
9628413057 
1842579360 
7096342185 
3560827419 
8214075396 
4759613028 
6083257194 
9137804265 
2475681039 
7801436295 
5328690174 
1053807426 
6947521380 
3810946275 
8276135049 
4602847319 
7156382094 
2398106754 
8561930274 
3145079682 
9708624135 
5834752019 
9201537864 
1463985270 
7386402159 
4052189376 
6715930284 
2947216508 
8170864235 
5304519782 
9627143805 
1845027396 
7098652143 
3561379082 
8215294076 
4750846139 
6087932514 
9132167480 
2476805139 
7803592146 
5329471086 
1052167839 
6940835271 
3814729056 
8273506149 
4607182935 
7152419683 
2397651048 
8560284173 
3149736205 
9705342186 